nput (scalar) k: 
[100 60 90 130 70]
input (scalar) f: 
[11 7 8 10 9]

x =

    0.1100    0.1167    0.0889    0.0769    0.1286

   100    60    90   130    70

    11     7     8    10     9

    0.1100    0.1167    0.0889    0.0769    0.1286


Pe =

   60.5000   24.5000   32.0000   50.0000   40.5000

   60.5000   24.5000   32.0000   50.0000   40.5000

